12084822
1571847512
1571847268
1571847223
1571844502
1571837949
1464307892
1102621144
704698593
238801614
226377837
226377835
11528013
1464315632
1464315630
1464307890
1464307888
1464307886
1464307884
1464307882
1464307880
1464307878
1252414502
1245709111
1188271352
1173244221
1152273758
1152273750
1147809766
1147809762
1147809760
1147809755
1147809737
1147809671
1147809669
1147809667
1147809659
1147809657
1112884833
1102942861
1102616470
1057485909
1041566265
1035966785
985773006
937547706
927371722
927371709
918020123
806981419
765702601
765702599
765702593
723633148
685511376
584593349
582973093
563354756
485191031
481852723
394922808
380877198
294768540
294719514
254688376
229904919
226377833
166159177
158516887
157781216
157781214
157781212
157781210
157781208
123205971
119952254
119952252
56692441
33620713
33589253
22550315
22129792
21397174
20260781
20260779
20178608
20178606
20177455
9633622
9629456
9628431
9628101
9627244
9626460
1464310230
163644368
158976983
9626685
1571841553
1571836542
1571832486
1159180913
1464315700
1464310537
1464310360
1464307911
1464307909
1464307907
1464307905
1464307894
1217102358
1215835304
1211677365
1207372395
1189488887
1160548599
1160548597
1160548595
1160548593
1152273756
1147809764
1073690805
1063292593
1046610982
1041566263
1041156620
1035966794
1035950658
992073801
944542929
723633198
723633161
723633146
684094904
684094898
658311446
635546950
635546948
635546946
635546943
635260758
612400724
570364810
485191043
475994049
408355343
381333920
255614072
240114604
33112010
20198945
20178632
12657941
9629718
9628705
9626649
